20
6
85 67 88 93 13 71 
10
74 79 20 32 48 41 24 2 99 3
7
74 59 57 69 26 43 49 
9
95 85 93 34 7 91 37 89 6
13
98 85 40 8 82 83 65 15 64 4 20 16 2 
3
91 29 3
5
20 57 9 49 58 
11
86 6 25 5 71 35 16 24 42 76 4
7
34 94 51 41 58 46 31 
9
90 92 56 62 78 33 7 86 6
5
88 3 96 77 59 
9
81 78 46 26 21 79 82 43 63 
2
93 10
4
23 30 53 58 
7
79 16 15 9 96 40 3
5
84 17 62 25 9
9
61 75 15 26 86 27 25 6 8
7
100 56 68 10 21 12 9
16
94 17 37 63 44 26 42 23 76 29 54 21 79 22 96 9
15
78 21 87 55 40 30 32 76 10 1 56 16 2 58 84 1