640
8
64 28 42 96 63 1 100 8
13
18 19 40 7 61 25 63 39 80 78 64 60 89
13
72 9 43 84 4 73 100 75 55 37 78 67 49
4
54 84 46 88
4
31 15 90 91
4
59 65 19 67
4
74 7 49 6
4
16 80 65 88
13
94 28 93 55 39 87 24 22 41 73 7 32 46
13
22 97 50 63 73 75 33 51 24 88 100 7 32
13
38 6 41 30 59 70 34 22 15 28 74 14 47
13
5 28 82 92 17 64 21 27 25 75 97 24 89
8
63 57 78 59 90 32 36 4
8
25 54 56 10 89 96 22 6
8
51 11 22 28 34 30 61 3
8
19 60 52 25 31 18 89 9
8
5 43 91 62 22 26 61 5
8
13 92 67 38 31 68 20 5
8
32 80 17 82 64 61 63 5
13
56 78 52 45 95 53 14 20 29 50 73 51 96
13
32 35 4 59 72 97 3 83 69 15 92 53 78
13
84 86 88 62 1 43 61 50 60 4 5 23 36
13
76 2 43 19 4 69 5 12 21 35 56 52 86
9
59 99 45 5 79 68 15 46 96
9
85 24 21 49 47 73 50 62 98
9
71 66 92 79 98 80 42 38 57
9
30 56 95 76 74 97 28 26 99
9
90 12 6 63 89 37 34 13 83
9
78 72 16 37 89 83 93 26 12
9
67 31 52 47 90 99 1 38 28
9
85 41 2 5 57 1 6 70 68
9
98 36 24 53 60 30 23 84 62
9
22 11 76 68 54 10 62 98 92
9
81 67 41 55 80 46 64 98 94
9
73 54 47 9 1 52 15 5 49
9
80 78 31 8 15 49 40 45 82
9
58 61 27 80 12 76 78 88 23
5
34 30 60 53 27
5
58 23 7 42 33
5
2 48 39 62 66
5
13 41 49 31 11
5
53 79 68 3 25
5
47 19 17 99 78
5
9 71 89 73 74
9
20 62 25 8 38 44 63 13 53
9
78 62 88 83 8 74 68 86 18
9
84 82 88 10 53 93 34 98 45
9
70 48 59 45 63 87 72 11 91
9
61 11 58 42 7 92 77 81 47
9
78 12 9 46 62 66 3 99 82
25
42 79 19 40 82 41 86 36 98 67 81 25 100 45 75 78 51 48 38 74 61 20 4 99 53
25
32 3 93 1 58 26 19 61 55 4 38 91 51 12 85 70 57 68 75 43 30 98 23 88 86
25
87 83 71 72 62 68 79 2 37 30 66 92 46 7 63 84 22 32 4 42 98 73 43 15 77
25
18 5 4 57 76 10 45 14 16 23 11 86 66 81 48 61 3 50 22 94 47 24 39 63 54
25
90 75 80 48 64 12 28 6 26 38 74 27 39 46 5 56 35 49 11 73 88 65 19 86 84
25
78 39 28 33 94 7 75 59 27 91 12 34 62 74 82 98 79 77 71 70 23 30 24 95 45
25
26 41 51 45 56 43 49 36 81 4 78 98 40 76 88 82 53 20 74 100 64 7 3 22 13
25
38 71 11 78 59 9 81 50 17 70 73 40 5 45 18 8 91 29 20 69 94 47 3 90 88
25
48 3 39 52 31 51 88 27 85 28 11 9 94 69 37 84 100 33 77 44 41 95 78 15 66
25
54 97 88 61 56 8 85 13 16 86 64 23 92 26 96 59 75 37 66 74 51 46 35 17 28
6
85 67 88 93 13 71 
10
74 79 20 32 48 41 24 2 99 3
7
74 59 57 69 26 43 49 
9
95 85 93 34 7 91 37 89 6
13
98 85 40 8 82 83 65 15 64 4 20 16 2 
3
91 29 3
5
20 57 9 49 58 
11
86 6 25 5 71 35 16 24 42 76 4
7
34 94 51 41 58 46 31 
9
90 92 56 62 78 33 7 86 6
5
88 3 96 77 59 
9
81 78 46 26 21 79 82 43 63 
8
64 28 42 96 63 1 100 8
13
18 19 40 7 61 25 63 39 80 78 64 60 89
13
72 9 43 84 4 73 100 75 55 37 78 67 49
4
54 84 46 88
4
31 15 90 91
4
59 65 19 67
4
74 7 49 6
4
16 80 65 88
13
94 28 93 55 39 87 24 22 41 73 7 32 46
13
22 97 50 63 73 75 33 51 24 88 100 7 32
13
38 6 41 30 59 70 34 22 15 28 74 14 47
13
5 28 82 92 17 64 21 27 25 75 97 24 89
8
63 57 78 59 90 32 36 4
8
25 54 56 10 89 96 22 6
8
51 11 22 28 34 30 61 3
8
19 60 52 25 31 18 89 9
8
5 43 91 62 22 26 61 5
8
13 92 67 38 31 68 20 5
8
32 80 17 82 64 61 63 5
13
56 78 52 45 95 53 14 20 29 50 73 51 96
13
32 35 4 59 72 97 3 83 69 15 92 53 78
13
84 86 88 62 1 43 61 50 60 4 5 23 36
13
76 2 43 19 4 69 5 12 21 35 56 52 86
9
59 99 45 5 79 68 15 46 96
9
85 24 21 49 47 73 50 62 98
9
71 66 92 79 98 80 42 38 57
9
30 56 95 76 74 97 28 26 99
9
90 12 6 63 89 37 34 13 83
9
78 72 16 37 89 83 93 26 12
9
67 31 52 47 90 99 1 38 28
9
85 41 2 5 57 1 6 70 68
9
98 36 24 53 60 30 23 84 62
9
22 11 76 68 54 10 62 98 92
9
81 67 41 55 80 46 64 98 94
9
73 54 47 9 1 52 15 5 49
9
80 78 31 8 15 49 40 45 82
9
58 61 27 80 12 76 78 88 23
5
34 30 60 53 27
5
58 23 7 42 33
5
2 48 39 62 66
5
13 41 49 31 11
5
53 79 68 3 25
5
47 19 17 99 78
5
9 71 89 73 74
9
20 62 25 8 38 44 63 13 53
9
78 62 88 83 8 74 68 86 18
9
84 82 88 10 53 93 34 98 45
9
70 48 59 45 63 87 72 11 91
9
61 11 58 42 7 92 77 81 47
9
78 12 9 46 62 66 3 99 82
25
42 79 19 40 82 41 86 36 98 67 81 25 100 45 75 78 51 48 38 74 61 20 4 99 53
25
32 3 93 1 58 26 19 61 55 4 38 91 51 12 85 70 57 68 75 43 30 98 23 88 86
25
87 83 71 72 62 68 79 2 37 30 66 92 46 7 63 84 22 32 4 42 98 73 43 15 77
25
18 5 4 57 76 10 45 14 16 23 11 86 66 81 48 61 3 50 22 94 47 24 39 63 54
25
90 75 80 48 64 12 28 6 26 38 74 27 39 46 5 56 35 49 11 73 88 65 19 86 84
25
78 39 28 33 94 7 75 59 27 91 12 34 62 74 82 98 79 77 71 70 23 30 24 95 45
25
26 41 51 45 56 43 49 36 81 4 78 98 40 76 88 82 53 20 74 100 64 7 3 22 13
25
38 71 11 78 59 9 81 50 17 70 73 40 5 45 18 8 91 29 20 69 94 47 3 90 88
25
48 3 39 52 31 51 88 27 85 28 11 9 94 69 37 84 100 33 77 44 41 95 78 15 66
25
54 97 88 61 56 8 85 13 16 86 64 23 92 26 96 59 75 37 66 74 51 46 35 17 28
6
85 67 88 93 13 71 
10
74 79 20 32 48 41 24 2 99 3
7
74 59 57 69 26 43 49 
9
95 85 93 34 7 91 37 89 6
13
98 85 40 8 82 83 65 15 64 4 20 16 2 
3
91 29 3
5
20 57 9 49 58 
11
86 6 25 5 71 35 16 24 42 76 4
7
34 94 51 41 58 46 31 
9
90 92 56 62 78 33 7 86 6
5
88 3 96 77 59 
9
81 78 46 26 21 79 82 43 63 
2
93 10
4
23 30 53 58 
7
79 16 15 9 96 40 3
5
84 17 62 25 9
9
61 75 15 26 86 27 25 6 8
7
100 56 68 10 21 12 9
16
94 17 37 63 44 26 42 23 76 29 54 21 79 22 96 9
15
78 21 87 55 40 30 32 76 10 1 56 16 2 58 84 1
2
93 10
4
23 30 53 58 
7
79 16 15 9 96 40 3
5
84 17 62 25 9
9
61 75 15 26 86 27 25 6 8
7
100 56 68 10 21 12 9
16
94 17 37 63 44 26 42 23 76 29 54 21 79 22 96 9
15
78 21 87 55 40 30 32 76 10 1 56 16 2 58 84 1
8
64 28 42 96 63 1 100 8
13
18 19 40 7 61 25 63 39 80 78 64 60 89
13
72 9 43 84 4 73 100 75 55 37 78 67 49
4
54 84 46 88
4
31 15 90 91
4
59 65 19 67
4
74 7 49 6
4
16 80 65 88
13
94 28 93 55 39 87 24 22 41 73 7 32 46
13
22 97 50 63 73 75 33 51 24 88 100 7 32
13
38 6 41 30 59 70 34 22 15 28 74 14 47
13
5 28 82 92 17 64 21 27 25 75 97 24 89
8
63 57 78 59 90 32 36 4
8
25 54 56 10 89 96 22 6
8
51 11 22 28 34 30 61 3
8
19 60 52 25 31 18 89 9
8
5 43 91 62 22 26 61 5
8
13 92 67 38 31 68 20 5
8
32 80 17 82 64 61 63 5
13
56 78 52 45 95 53 14 20 29 50 73 51 96
13
32 35 4 59 72 97 3 83 69 15 92 53 78
13
84 86 88 62 1 43 61 50 60 4 5 23 36
13
76 2 43 19 4 69 5 12 21 35 56 52 86
9
59 99 45 5 79 68 15 46 96
9
85 24 21 49 47 73 50 62 98
9
71 66 92 79 98 80 42 38 57
9
30 56 95 76 74 97 28 26 99
9
90 12 6 63 89 37 34 13 83
9
78 72 16 37 89 83 93 26 12
9
67 31 52 47 90 99 1 38 28
9
85 41 2 5 57 1 6 70 68
9
98 36 24 53 60 30 23 84 62
9
22 11 76 68 54 10 62 98 92
9
81 67 41 55 80 46 64 98 94
9
73 54 47 9 1 52 15 5 49
9
80 78 31 8 15 49 40 45 82
9
58 61 27 80 12 76 78 88 23
5
34 30 60 53 27
5
58 23 7 42 33
5
2 48 39 62 66
5
13 41 49 31 11
5
53 79 68 3 25
5
47 19 17 99 78
5
9 71 89 73 74
9
20 62 25 8 38 44 63 13 53
9
78 62 88 83 8 74 68 86 18
9
84 82 88 10 53 93 34 98 45
9
70 48 59 45 63 87 72 11 91
9
61 11 58 42 7 92 77 81 47
9
78 12 9 46 62 66 3 99 82
25
42 79 19 40 82 41 86 36 98 67 81 25 100 45 75 78 51 48 38 74 61 20 4 99 53
25
32 3 93 1 58 26 19 61 55 4 38 91 51 12 85 70 57 68 75 43 30 98 23 88 86
25
87 83 71 72 62 68 79 2 37 30 66 92 46 7 63 84 22 32 4 42 98 73 43 15 77
25
18 5 4 57 76 10 45 14 16 23 11 86 66 81 48 61 3 50 22 94 47 24 39 63 54
25
90 75 80 48 64 12 28 6 26 38 74 27 39 46 5 56 35 49 11 73 88 65 19 86 84
25
78 39 28 33 94 7 75 59 27 91 12 34 62 74 82 98 79 77 71 70 23 30 24 95 45
25
26 41 51 45 56 43 49 36 81 4 78 98 40 76 88 82 53 20 74 100 64 7 3 22 13
25
38 71 11 78 59 9 81 50 17 70 73 40 5 45 18 8 91 29 20 69 94 47 3 90 88
25
48 3 39 52 31 51 88 27 85 28 11 9 94 69 37 84 100 33 77 44 41 95 78 15 66
25
54 97 88 61 56 8 85 13 16 86 64 23 92 26 96 59 75 37 66 74 51 46 35 17 28
6
85 67 88 93 13 71 
10
74 79 20 32 48 41 24 2 99 3
7
74 59 57 69 26 43 49 
9
95 85 93 34 7 91 37 89 6
13
98 85 40 8 82 83 65 15 64 4 20 16 2 
3
91 29 3
5
20 57 9 49 58 
11
86 6 25 5 71 35 16 24 42 76 4
7
34 94 51 41 58 46 31 
9
90 92 56 62 78 33 7 86 6
5
88 3 96 77 59 
9
81 78 46 26 21 79 82 43 63 
8
64 28 42 96 63 1 100 8
13
18 19 40 7 61 25 63 39 80 78 64 60 89
13
72 9 43 84 4 73 100 75 55 37 78 67 49
4
54 84 46 88
4
31 15 90 91
4
59 65 19 67
4
74 7 49 6
4
16 80 65 88
13
94 28 93 55 39 87 24 22 41 73 7 32 46
13
22 97 50 63 73 75 33 51 24 88 100 7 32
13
38 6 41 30 59 70 34 22 15 28 74 14 47
13
5 28 82 92 17 64 21 27 25 75 97 24 89
8
63 57 78 59 90 32 36 4
8
25 54 56 10 89 96 22 6
8
51 11 22 28 34 30 61 3
8
19 60 52 25 31 18 89 9
8
5 43 91 62 22 26 61 5
8
13 92 67 38 31 68 20 5
8
32 80 17 82 64 61 63 5
13
56 78 52 45 95 53 14 20 29 50 73 51 96
13
32 35 4 59 72 97 3 83 69 15 92 53 78
13
84 86 88 62 1 43 61 50 60 4 5 23 36
13
76 2 43 19 4 69 5 12 21 35 56 52 86
9
59 99 45 5 79 68 15 46 96
9
85 24 21 49 47 73 50 62 98
9
71 66 92 79 98 80 42 38 57
9
30 56 95 76 74 97 28 26 99
9
90 12 6 63 89 37 34 13 83
9
78 72 16 37 89 83 93 26 12
9
67 31 52 47 90 99 1 38 28
9
85 41 2 5 57 1 6 70 68
9
98 36 24 53 60 30 23 84 62
9
22 11 76 68 54 10 62 98 92
9
81 67 41 55 80 46 64 98 94
9
73 54 47 9 1 52 15 5 49
9
80 78 31 8 15 49 40 45 82
9
58 61 27 80 12 76 78 88 23
5
34 30 60 53 27
5
58 23 7 42 33
5
2 48 39 62 66
5
13 41 49 31 11
5
53 79 68 3 25
5
47 19 17 99 78
5
9 71 89 73 74
9
20 62 25 8 38 44 63 13 53
9
78 62 88 83 8 74 68 86 18
9
84 82 88 10 53 93 34 98 45
9
70 48 59 45 63 87 72 11 91
9
61 11 58 42 7 92 77 81 47
9
78 12 9 46 62 66 3 99 82
25
42 79 19 40 82 41 86 36 98 67 81 25 100 45 75 78 51 48 38 74 61 20 4 99 53
25
32 3 93 1 58 26 19 61 55 4 38 91 51 12 85 70 57 68 75 43 30 98 23 88 86
25
87 83 71 72 62 68 79 2 37 30 66 92 46 7 63 84 22 32 4 42 98 73 43 15 77
25
18 5 4 57 76 10 45 14 16 23 11 86 66 81 48 61 3 50 22 94 47 24 39 63 54
25
90 75 80 48 64 12 28 6 26 38 74 27 39 46 5 56 35 49 11 73 88 65 19 86 84
25
78 39 28 33 94 7 75 59 27 91 12 34 62 74 82 98 79 77 71 70 23 30 24 95 45
25
26 41 51 45 56 43 49 36 81 4 78 98 40 76 88 82 53 20 74 100 64 7 3 22 13
25
38 71 11 78 59 9 81 50 17 70 73 40 5 45 18 8 91 29 20 69 94 47 3 90 88
25
48 3 39 52 31 51 88 27 85 28 11 9 94 69 37 84 100 33 77 44 41 95 78 15 66
25
54 97 88 61 56 8 85 13 16 86 64 23 92 26 96 59 75 37 66 74 51 46 35 17 28
6
85 67 88 93 13 71 
10
74 79 20 32 48 41 24 2 99 3
7
74 59 57 69 26 43 49 
9
95 85 93 34 7 91 37 89 6
13
98 85 40 8 82 83 65 15 64 4 20 16 2 
3
91 29 3
5
20 57 9 49 58 
11
86 6 25 5 71 35 16 24 42 76 4
7
34 94 51 41 58 46 31 
9
90 92 56 62 78 33 7 86 6
5
88 3 96 77 59 
9
81 78 46 26 21 79 82 43 63 
2
93 10
4
23 30 53 58 
7
79 16 15 9 96 40 3
5
84 17 62 25 9
9
61 75 15 26 86 27 25 6 8
7
100 56 68 10 21 12 9
16
94 17 37 63 44 26 42 23 76 29 54 21 79 22 96 9
15
78 21 87 55 40 30 32 76 10 1 56 16 2 58 84 1
2
93 10
4
23 30 53 58 
7
79 16 15 9 96 40 3
5
84 17 62 25 9
9
61 75 15 26 86 27 25 6 8
7
100 56 68 10 21 12 9
16
94 17 37 63 44 26 42 23 76 29 54 21 79 22 96 9
15
78 21 87 55 40 30 32 76 10 1 56 16 2 58 84 1
8
64 28 42 96 63 1 100 8
13
18 19 40 7 61 25 63 39 80 78 64 60 89
13
72 9 43 84 4 73 100 75 55 37 78 67 49
4
54 84 46 88
4
31 15 90 91
4
59 65 19 67
4
74 7 49 6
4
16 80 65 88
13
94 28 93 55 39 87 24 22 41 73 7 32 46
13
22 97 50 63 73 75 33 51 24 88 100 7 32
13
38 6 41 30 59 70 34 22 15 28 74 14 47
13
5 28 82 92 17 64 21 27 25 75 97 24 89
8
63 57 78 59 90 32 36 4
8
25 54 56 10 89 96 22 6
8
51 11 22 28 34 30 61 3
8
19 60 52 25 31 18 89 9
8
5 43 91 62 22 26 61 5
8
13 92 67 38 31 68 20 5
8
32 80 17 82 64 61 63 5
13
56 78 52 45 95 53 14 20 29 50 73 51 96
13
32 35 4 59 72 97 3 83 69 15 92 53 78
13
84 86 88 62 1 43 61 50 60 4 5 23 36
13
76 2 43 19 4 69 5 12 21 35 56 52 86
9
59 99 45 5 79 68 15 46 96
9
85 24 21 49 47 73 50 62 98
9
71 66 92 79 98 80 42 38 57
9
30 56 95 76 74 97 28 26 99
9
90 12 6 63 89 37 34 13 83
9
78 72 16 37 89 83 93 26 12
9
67 31 52 47 90 99 1 38 28
9
85 41 2 5 57 1 6 70 68
9
98 36 24 53 60 30 23 84 62
9
22 11 76 68 54 10 62 98 92
9
81 67 41 55 80 46 64 98 94
9
73 54 47 9 1 52 15 5 49
9
80 78 31 8 15 49 40 45 82
9
58 61 27 80 12 76 78 88 23
5
34 30 60 53 27
5
58 23 7 42 33
5
2 48 39 62 66
5
13 41 49 31 11
5
53 79 68 3 25
5
47 19 17 99 78
5
9 71 89 73 74
9
20 62 25 8 38 44 63 13 53
9
78 62 88 83 8 74 68 86 18
9
84 82 88 10 53 93 34 98 45
9
70 48 59 45 63 87 72 11 91
9
61 11 58 42 7 92 77 81 47
9
78 12 9 46 62 66 3 99 82
25
42 79 19 40 82 41 86 36 98 67 81 25 100 45 75 78 51 48 38 74 61 20 4 99 53
25
32 3 93 1 58 26 19 61 55 4 38 91 51 12 85 70 57 68 75 43 30 98 23 88 86
25
87 83 71 72 62 68 79 2 37 30 66 92 46 7 63 84 22 32 4 42 98 73 43 15 77
25
18 5 4 57 76 10 45 14 16 23 11 86 66 81 48 61 3 50 22 94 47 24 39 63 54
25
90 75 80 48 64 12 28 6 26 38 74 27 39 46 5 56 35 49 11 73 88 65 19 86 84
25
78 39 28 33 94 7 75 59 27 91 12 34 62 74 82 98 79 77 71 70 23 30 24 95 45
25
26 41 51 45 56 43 49 36 81 4 78 98 40 76 88 82 53 20 74 100 64 7 3 22 13
25
38 71 11 78 59 9 81 50 17 70 73 40 5 45 18 8 91 29 20 69 94 47 3 90 88
25
48 3 39 52 31 51 88 27 85 28 11 9 94 69 37 84 100 33 77 44 41 95 78 15 66
25
54 97 88 61 56 8 85 13 16 86 64 23 92 26 96 59 75 37 66 74 51 46 35 17 28
6
85 67 88 93 13 71 
10
74 79 20 32 48 41 24 2 99 3
7
74 59 57 69 26 43 49 
9
95 85 93 34 7 91 37 89 6
13
98 85 40 8 82 83 65 15 64 4 20 16 2 
3
91 29 3
5
20 57 9 49 58 
11
86 6 25 5 71 35 16 24 42 76 4
7
34 94 51 41 58 46 31 
9
90 92 56 62 78 33 7 86 6
5
88 3 96 77 59 
9
81 78 46 26 21 79 82 43 63 
8
64 28 42 96 63 1 100 8
13
18 19 40 7 61 25 63 39 80 78 64 60 89
13
72 9 43 84 4 73 100 75 55 37 78 67 49
4
54 84 46 88
4
31 15 90 91
4
59 65 19 67
4
74 7 49 6
4
16 80 65 88
13
94 28 93 55 39 87 24 22 41 73 7 32 46
13
22 97 50 63 73 75 33 51 24 88 100 7 32
13
38 6 41 30 59 70 34 22 15 28 74 14 47
13
5 28 82 92 17 64 21 27 25 75 97 24 89
8
63 57 78 59 90 32 36 4
8
25 54 56 10 89 96 22 6
8
51 11 22 28 34 30 61 3
8
19 60 52 25 31 18 89 9
8
5 43 91 62 22 26 61 5
8
13 92 67 38 31 68 20 5
8
32 80 17 82 64 61 63 5
13
56 78 52 45 95 53 14 20 29 50 73 51 96
13
32 35 4 59 72 97 3 83 69 15 92 53 78
13
84 86 88 62 1 43 61 50 60 4 5 23 36
13
76 2 43 19 4 69 5 12 21 35 56 52 86
9
59 99 45 5 79 68 15 46 96
9
85 24 21 49 47 73 50 62 98
9
71 66 92 79 98 80 42 38 57
9
30 56 95 76 74 97 28 26 99
9
90 12 6 63 89 37 34 13 83
9
78 72 16 37 89 83 93 26 12
9
67 31 52 47 90 99 1 38 28
9
85 41 2 5 57 1 6 70 68
9
98 36 24 53 60 30 23 84 62
9
22 11 76 68 54 10 62 98 92
9
81 67 41 55 80 46 64 98 94
9
73 54 47 9 1 52 15 5 49
9
80 78 31 8 15 49 40 45 82
9
58 61 27 80 12 76 78 88 23
5
34 30 60 53 27
5
58 23 7 42 33
5
2 48 39 62 66
5
13 41 49 31 11
5
53 79 68 3 25
5
47 19 17 99 78
5
9 71 89 73 74
9
20 62 25 8 38 44 63 13 53
9
78 62 88 83 8 74 68 86 18
9
84 82 88 10 53 93 34 98 45
9
70 48 59 45 63 87 72 11 91
9
61 11 58 42 7 92 77 81 47
9
78 12 9 46 62 66 3 99 82
25
42 79 19 40 82 41 86 36 98 67 81 25 100 45 75 78 51 48 38 74 61 20 4 99 53
25
32 3 93 1 58 26 19 61 55 4 38 91 51 12 85 70 57 68 75 43 30 98 23 88 86
25
87 83 71 72 62 68 79 2 37 30 66 92 46 7 63 84 22 32 4 42 98 73 43 15 77
25
18 5 4 57 76 10 45 14 16 23 11 86 66 81 48 61 3 50 22 94 47 24 39 63 54
25
90 75 80 48 64 12 28 6 26 38 74 27 39 46 5 56 35 49 11 73 88 65 19 86 84
25
78 39 28 33 94 7 75 59 27 91 12 34 62 74 82 98 79 77 71 70 23 30 24 95 45
25
26 41 51 45 56 43 49 36 81 4 78 98 40 76 88 82 53 20 74 100 64 7 3 22 13
25
38 71 11 78 59 9 81 50 17 70 73 40 5 45 18 8 91 29 20 69 94 47 3 90 88
25
48 3 39 52 31 51 88 27 85 28 11 9 94 69 37 84 100 33 77 44 41 95 78 15 66
25
54 97 88 61 56 8 85 13 16 86 64 23 92 26 96 59 75 37 66 74 51 46 35 17 28
6
85 67 88 93 13 71 
10
74 79 20 32 48 41 24 2 99 3
7
74 59 57 69 26 43 49 
9
95 85 93 34 7 91 37 89 6
13
98 85 40 8 82 83 65 15 64 4 20 16 2 
3
91 29 3
5
20 57 9 49 58 
11
86 6 25 5 71 35 16 24 42 76 4
7
34 94 51 41 58 46 31 
9
90 92 56 62 78 33 7 86 6
5
88 3 96 77 59 
9
81 78 46 26 21 79 82 43 63 
2
93 10
4
23 30 53 58 
7
79 16 15 9 96 40 3
5
84 17 62 25 9
9
61 75 15 26 86 27 25 6 8
7
100 56 68 10 21 12 9
16
94 17 37 63 44 26 42 23 76 29 54 21 79 22 96 9
15
78 21 87 55 40 30 32 76 10 1 56 16 2 58 84 1
2
93 10
4
23 30 53 58 
7
79 16 15 9 96 40 3
5
84 17 62 25 9
9
61 75 15 26 86 27 25 6 8
7
100 56 68 10 21 12 9
16
94 17 37 63 44 26 42 23 76 29 54 21 79 22 96 9
15
78 21 87 55 40 30 32 76 10 1 56 16 2 58 84 1
8
64 28 42 96 63 1 100 8
13
18 19 40 7 61 25 63 39 80 78 64 60 89
13
72 9 43 84 4 73 100 75 55 37 78 67 49
4
54 84 46 88
4
31 15 90 91
4
59 65 19 67
4
74 7 49 6
4
16 80 65 88
13
94 28 93 55 39 87 24 22 41 73 7 32 46
13
22 97 50 63 73 75 33 51 24 88 100 7 32
13
38 6 41 30 59 70 34 22 15 28 74 14 47
13
5 28 82 92 17 64 21 27 25 75 97 24 89
8
63 57 78 59 90 32 36 4
8
25 54 56 10 89 96 22 6
8
51 11 22 28 34 30 61 3
8
19 60 52 25 31 18 89 9
8
5 43 91 62 22 26 61 5
8
13 92 67 38 31 68 20 5
8
32 80 17 82 64 61 63 5
13
56 78 52 45 95 53 14 20 29 50 73 51 96
13
32 35 4 59 72 97 3 83 69 15 92 53 78
13
84 86 88 62 1 43 61 50 60 4 5 23 36
13
76 2 43 19 4 69 5 12 21 35 56 52 86
9
59 99 45 5 79 68 15 46 96
9
85 24 21 49 47 73 50 62 98
9
71 66 92 79 98 80 42 38 57
9
30 56 95 76 74 97 28 26 99
9
90 12 6 63 89 37 34 13 83
9
78 72 16 37 89 83 93 26 12
9
67 31 52 47 90 99 1 38 28
9
85 41 2 5 57 1 6 70 68
9
98 36 24 53 60 30 23 84 62
9
22 11 76 68 54 10 62 98 92
9
81 67 41 55 80 46 64 98 94
9
73 54 47 9 1 52 15 5 49
9
80 78 31 8 15 49 40 45 82
9
58 61 27 80 12 76 78 88 23
5
34 30 60 53 27
5
58 23 7 42 33
5
2 48 39 62 66
5
13 41 49 31 11
5
53 79 68 3 25
5
47 19 17 99 78
5
9 71 89 73 74
9
20 62 25 8 38 44 63 13 53
9
78 62 88 83 8 74 68 86 18
9
84 82 88 10 53 93 34 98 45
9
70 48 59 45 63 87 72 11 91
9
61 11 58 42 7 92 77 81 47
9
78 12 9 46 62 66 3 99 82
25
42 79 19 40 82 41 86 36 98 67 81 25 100 45 75 78 51 48 38 74 61 20 4 99 53
25
32 3 93 1 58 26 19 61 55 4 38 91 51 12 85 70 57 68 75 43 30 98 23 88 86
25
87 83 71 72 62 68 79 2 37 30 66 92 46 7 63 84 22 32 4 42 98 73 43 15 77
25
18 5 4 57 76 10 45 14 16 23 11 86 66 81 48 61 3 50 22 94 47 24 39 63 54
25
90 75 80 48 64 12 28 6 26 38 74 27 39 46 5 56 35 49 11 73 88 65 19 86 84
25
78 39 28 33 94 7 75 59 27 91 12 34 62 74 82 98 79 77 71 70 23 30 24 95 45
25
26 41 51 45 56 43 49 36 81 4 78 98 40 76 88 82 53 20 74 100 64 7 3 22 13
25
38 71 11 78 59 9 81 50 17 70 73 40 5 45 18 8 91 29 20 69 94 47 3 90 88
25
48 3 39 52 31 51 88 27 85 28 11 9 94 69 37 84 100 33 77 44 41 95 78 15 66
25
54 97 88 61 56 8 85 13 16 86 64 23 92 26 96 59 75 37 66 74 51 46 35 17 28
6
85 67 88 93 13 71 
10
74 79 20 32 48 41 24 2 99 3
7
74 59 57 69 26 43 49 
9
95 85 93 34 7 91 37 89 6
13
98 85 40 8 82 83 65 15 64 4 20 16 2 
3
91 29 3
5
20 57 9 49 58 
11
86 6 25 5 71 35 16 24 42 76 4
7
34 94 51 41 58 46 31 
9
90 92 56 62 78 33 7 86 6
5
88 3 96 77 59 
9
81 78 46 26 21 79 82 43 63 
8
64 28 42 96 63 1 100 8
13
18 19 40 7 61 25 63 39 80 78 64 60 89
13
72 9 43 84 4 73 100 75 55 37 78 67 49
4
54 84 46 88
4
31 15 90 91
4
59 65 19 67
4
74 7 49 6
4
16 80 65 88
13
94 28 93 55 39 87 24 22 41 73 7 32 46
13
22 97 50 63 73 75 33 51 24 88 100 7 32
13
38 6 41 30 59 70 34 22 15 28 74 14 47
13
5 28 82 92 17 64 21 27 25 75 97 24 89
8
63 57 78 59 90 32 36 4
8
25 54 56 10 89 96 22 6
8
51 11 22 28 34 30 61 3
8
19 60 52 25 31 18 89 9
8
5 43 91 62 22 26 61 5
8
13 92 67 38 31 68 20 5
8
32 80 17 82 64 61 63 5
13
56 78 52 45 95 53 14 20 29 50 73 51 96
13
32 35 4 59 72 97 3 83 69 15 92 53 78
13
84 86 88 62 1 43 61 50 60 4 5 23 36
13
76 2 43 19 4 69 5 12 21 35 56 52 86
9
59 99 45 5 79 68 15 46 96
9
85 24 21 49 47 73 50 62 98
9
71 66 92 79 98 80 42 38 57
9
30 56 95 76 74 97 28 26 99
9
90 12 6 63 89 37 34 13 83
9
78 72 16 37 89 83 93 26 12
9
67 31 52 47 90 99 1 38 28
9
85 41 2 5 57 1 6 70 68
9
98 36 24 53 60 30 23 84 62
9
22 11 76 68 54 10 62 98 92
9
81 67 41 55 80 46 64 98 94
9
73 54 47 9 1 52 15 5 49
9
80 78 31 8 15 49 40 45 82
9
58 61 27 80 12 76 78 88 23
5
34 30 60 53 27
5
58 23 7 42 33
5
2 48 39 62 66
5
13 41 49 31 11
5
53 79 68 3 25
5
47 19 17 99 78
5
9 71 89 73 74
9
20 62 25 8 38 44 63 13 53
9
78 62 88 83 8 74 68 86 18
9
84 82 88 10 53 93 34 98 45
9
70 48 59 45 63 87 72 11 91
9
61 11 58 42 7 92 77 81 47
9
78 12 9 46 62 66 3 99 82
25
42 79 19 40 82 41 86 36 98 67 81 25 100 45 75 78 51 48 38 74 61 20 4 99 53
25
32 3 93 1 58 26 19 61 55 4 38 91 51 12 85 70 57 68 75 43 30 98 23 88 86
25
87 83 71 72 62 68 79 2 37 30 66 92 46 7 63 84 22 32 4 42 98 73 43 15 77
25
18 5 4 57 76 10 45 14 16 23 11 86 66 81 48 61 3 50 22 94 47 24 39 63 54
25
90 75 80 48 64 12 28 6 26 38 74 27 39 46 5 56 35 49 11 73 88 65 19 86 84
25
78 39 28 33 94 7 75 59 27 91 12 34 62 74 82 98 79 77 71 70 23 30 24 95 45
25
26 41 51 45 56 43 49 36 81 4 78 98 40 76 88 82 53 20 74 100 64 7 3 22 13
25
38 71 11 78 59 9 81 50 17 70 73 40 5 45 18 8 91 29 20 69 94 47 3 90 88
25
48 3 39 52 31 51 88 27 85 28 11 9 94 69 37 84 100 33 77 44 41 95 78 15 66
25
54 97 88 61 56 8 85 13 16 86 64 23 92 26 96 59 75 37 66 74 51 46 35 17 28
6
85 67 88 93 13 71 
10
74 79 20 32 48 41 24 2 99 3
7
74 59 57 69 26 43 49 
9
95 85 93 34 7 91 37 89 6
13
98 85 40 8 82 83 65 15 64 4 20 16 2 
3
91 29 3
5
20 57 9 49 58 
11
86 6 25 5 71 35 16 24 42 76 4
7
34 94 51 41 58 46 31 
9
90 92 56 62 78 33 7 86 6
5
88 3 96 77 59 
9
81 78 46 26 21 79 82 43 63 
2
93 10
4
23 30 53 58 
7
79 16 15 9 96 40 3
5
84 17 62 25 9
9
61 75 15 26 86 27 25 6 8
7
100 56 68 10 21 12 9
16
94 17 37 63 44 26 42 23 76 29 54 21 79 22 96 9
15
78 21 87 55 40 30 32 76 10 1 56 16 2 58 84 1
2
93 10
4
23 30 53 58 
7
79 16 15 9 96 40 3
5
84 17 62 25 9
9
61 75 15 26 86 27 25 6 8
7
100 56 68 10 21 12 9
16
94 17 37 63 44 26 42 23 76 29 54 21 79 22 96 9
15
78 21 87 55 40 30 32 76 10 1 56 16 2 58 84 1