23
8
64 28 42 96 63 1 100 8
13
18 19 40 7 61 25 63 39 80 78 64 60 89
13
72 9 43 84 4 73 100 75 55 37 78 67 49
4
54 84 46 88
4
31 15 90 91
4
59 65 19 67
4
74 7 49 6
4
16 80 65 88
13
94 28 93 55 39 87 24 22 41 73 7 32 46
13
22 97 50 63 73 75 33 51 24 88 100 7 32
13
38 6 41 30 59 70 34 22 15 28 74 14 47
13
5 28 82 92 17 64 21 27 25 75 97 24 89
8
63 57 78 59 90 32 36 4
8
25 54 56 10 89 96 22 6
8
51 11 22 28 34 30 61 3
8
19 60 52 25 31 18 89 9
8
5 43 91 62 22 26 61 5
8
13 92 67 38 31 68 20 5
8
32 80 17 82 64 61 63 5
13
56 78 52 45 95 53 14 20 29 50 73 51 96
13
32 35 4 59 72 97 3 83 69 15 92 53 78
13
84 86 88 62 1 43 61 50 60 4 5 23 36
13
76 2 43 19 4 69 5 12 21 35 56 52 86


